4.137475 39
4.061664 61
4.127852 72
4.146639 64
4.077288 71
4.075282 20
4.085572 62
4.102903 19
4.078495 78
4.109296 2
4.125853 6
4.097048 53
4.089722 3
4.068437 77
4.071962 91
4.05679 76
4.091515 25
4.104427 93
4.064358 29
4.152473 61
4.071772 21
4.052448 41
4.127855 87
4.131376 62
4.067172 69
4.074366 27
4.172164 1
4.067021 91
4.117527 17
4.066282 99
4.096445 42
4.13179 26
4.083245 57
4.063605 11
4.076688 27
4.060305 25
4.03345 90
4.081142 69
4.150034 85
4.065368 59
4.051145 40
4.081664 58
4.077623 38
4.062168 49
4.081332 31
4.16198 65
4.067267 24
4.199741 47
4.137551 38
4.091161 26
4.11794 0
4.128653 72
4.088781 49
4.042864 58
4.109768 68
4.117825 94
4.110594 73
4.109928 18
4.079993 39
4.081607 3
4.038832 26
4.127898 3
4.133119 3
4.119155 39
4.071449 65
4.062785 79
4.122897 64
4.065139 28
4.056875 84
4.102348 31
4.178309 0
4.101456 86
4.082608 72
4.151025 19
4.098091 70
4.066362 35
4.117932 87
4.162116 9
4.090392 36
4.10687 68
4.031414 98
4.121914 17
4.117229 72
4.083054 36
4.097073 96
4.114798 49
4.169458 87
4.103979 37
4.14489 35
4.123346 35
4.132405 19
4.124604 88
4.090627 79
4.093492 91
4.118682 88
4.038401 46
4.159721 6
4.085592 67
4.100967 52
4.041427 44
