4.137557 39
4.061757 61
4.127944 72
4.146731 64
4.077379 71
4.075374 20
4.085664 62
4.102995 19
4.078586 78
4.109387 2
4.125944 6
4.097139 53
4.089813 3
4.068527 77
4.072053 91
4.056881 76
4.091605 25
4.104517 93
4.064448 29
4.152564 61
4.071862 21
4.052538 41
4.127944 87
4.131465 62
4.067262 69
4.074455 27
4.172253 1
4.06711 91
4.117616 17
4.066371 99
4.096534 42
4.131879 26
4.083333 57
4.063693 11
4.076776 27
4.060393 25
4.033539 90
4.08123 69
4.150122 85
4.065456 59
4.051233 40
4.081752 58
4.077712 38
4.062256 49
4.081419 31
4.162067 65
4.067354 24
4.199828 47
4.137638 38
4.091248 26
4.118027 0
4.12874 72
4.088867 49
4.04295 58
4.109855 68
4.117912 94
4.11068 73
4.110014 18
4.080079 39
4.081694 3
4.038918 26
4.127983 3
4.133205 3
4.11924 39
4.071535 65
4.06287 79
4.122982 64
4.065225 28
4.05696 84
4.102433 31
4.178393 0
4.10154 86
4.082693 72
4.151109 19
4.098175 70
4.066446 35
4.118017 87
4.162201 9
4.090476 36
4.106954 68
4.031498 98
4.121998 17
4.117313 72
4.083138 36
4.097157 96
4.114881 49
4.169542 87
4.104062 37
4.144973 35
4.123429 35
4.132488 19
4.124687 88
4.090709 79
4.093575 91
4.118765 88
4.038483 46
4.159804 6
4.085675 67
4.101049 52
4.041509 44
