4.137556 39
4.061756 61
4.127943 72
4.14673 64
4.077378 71
4.075373 20
4.085663 62
4.102994 19
4.078586 78
4.109387 2
4.125943 6
4.097138 53
4.089812 3
4.068526 77
4.072052 91
4.05688 76
4.091604 25
4.104517 93
4.064447 29
4.152563 61
4.071861 21
4.052538 41
4.127944 87
4.131464 62
4.067261 69
4.074454 27
4.172252 1
4.067109 91
4.117615 17
4.066371 99
4.096534 42
4.131878 26
4.083332 57
4.063692 11
4.076776 27
4.060392 25
4.033538 90
4.081229 69
4.150121 85
4.065456 59
4.051232 40
4.081751 58
4.077711 38
4.062255 49
4.081418 31
4.162066 65
4.067353 24
4.199827 47
4.137637 38
4.091248 26
4.118027 0
4.128739 72
4.088867 49
4.042949 58
4.109854 68
4.117911 94
4.11068 73
4.110013 18
4.080078 39
4.081693 3
4.038917 26
4.127982 3
4.133204 3
4.119239 39
4.071534 65
4.06287 79
4.122981 64
4.065224 28
4.05696 84
4.102432 31
4.178393 0
4.10154 86
4.082692 72
4.151109 19
4.098174 70
4.066446 35
4.118016 87
4.1622 9
4.090475 36
4.106953 68
4.031497 98
4.121997 17
4.117312 72
4.083137 36
4.097156 96
4.11488 49
4.169541 87
4.104061 37
4.144972 35
4.123429 35
4.132488 19
4.124687 88
4.090709 79
4.093574 91
4.118764 88
4.038482 46
4.159803 6
4.085674 67
4.101048 52
4.041509 44
