states 3
actions 5
tran 0 0 0 0.23516923116291208 0.16300144399454605
tran 0 0 0 0.9806294345137576 0.14047454785782393
tran 0 0 0 2.2332122053190298 0.0021324713510298956
tran 0 0 0 1.1673481304852067 0.1851203123318141
tran 0 0 1 -0.4830948113207289 0.5092712244647859
tran 0 1 0 -0.7400463795155178 0.23316545688503415
tran 0 1 0 3.1164104967797193 0.0342298137622146
tran 0 1 0 1.0153819644537707 0.1430127288693582
tran 0 1 1 -0.5799610613987792 0.16824454713425605
tran 0 1 1 0.1808398359065927 0.012005335643430058
tran 0 1 1 -2.841009953770855 0.005609096387141681
tran 0 1 1 -0.6170463142273859 0.051618784883170905
tran 0 1 2 1.5989822716497244 0.005604379426246084
tran 0 1 2 0.9149034014526966 0.02859500994710486
tran 0 1 2 -0.3768460849976455 0.1781064911905187
tran 0 1 2 -0.8813784593616601 0.13980835587152465
tran 0 2 0 1.4965342553840262 0.1107509438159722
tran 0 2 0 1.935776905425661 0.06842094364408499
tran 0 2 1 0.09596824896487399 0.15082158012800614
tran 0 2 2 -0.7502337165926798 0.2622918060927447
tran 0 2 2 0.13985065628920743 0.019334423095329723
tran 0 2 2 1.4487061184587864 0.08248930956592385
tran 0 2 2 -1.0578905304986868 0.08615255325618465
tran 0 2 2 1.0329136821537495 0.2197384404017537
tran 0 3 1 0.30870486589723556 0.03574906336647887
tran 0 3 1 0.06591910526876862 0.12430114218372285
tran 0 3 1 1.0832153402567364 0.2248831004381712
tran 0 3 2 -0.9989227474730031 0.1467259575361941
tran 0 3 2 -0.8361802239971196 0.231706450661171
tran 0 3 2 -0.37321337143231337 0.03143998586461757
tran 0 3 2 -0.906475350083821 0.2051942999496443
tran 0 4 0 -0.6785604295882633 0.0052807348413420226
tran 0 4 0 -0.6200463494749864 0.045618216420551375
tran 0 4 1 -0.07859164315715955 0.03186767663413649
tran 0 4 1 -0.8765744749626295 0.09442945379807095
tran 0 4 1 -2.5730181402877994 0.39057428391200294
tran 0 4 1 1.1521507653860585 0.10852383759532032
tran 0 4 1 -1.3479333541901446 0.04632507773766421
tran 0 4 2 0.49689588821960345 0.0148687014805126
tran 0 4 2 2.043940820693204 0.006238770847991003
tran 0 4 2 -0.3606646850620923 0.19791938688265062
tran 0 4 2 1.7989275832174292 0.04882346655172132
tran 0 4 2 0.2527189889575105 0.009530393298036174
tran 1 0 0 -0.35574331779846863 0.1610445698279862
tran 1 0 0 -1.6187930949726113 0.10257427268239334
tran 1 0 0 -1.0673710805270995 0.005396806952155636
tran 1 0 0 -0.2412306041224938 0.0076972487856437075
tran 1 0 1 -1.1421879592251927 0.013630834670607012
tran 1 0 1 0.3560144906716116 0.006477538932844722
tran 1 0 1 -0.10525830717690611 0.004316427342778686
tran 1 0 1 -0.09921458748593223 0.18962890938858504
tran 1 0 1 0.49030653260366314 0.2352342508648075
tran 1 0 2 0.16601757436485948 0.031956752476823495
tran 1 0 2 -1.3973733331027804 0.04594493025532114
tran 1 0 2 -0.1087524483206898 0.10923963975717169
tran 1 0 2 1.2926956453286524 0.08685781806288159
tran 1 1 0 1.2132807417993143 0.046568385830937704
tran 1 1 1 1.2912793704534864 0.021679600997734964
tran 1 1 1 1.5568708690040267 0.01004413859006948
tran 1 1 1 -0.41130081961982295 0.12205018813936215
tran 1 1 2 -0.6150912372720002 0.08222466430607141
tran 1 1 2 -1.7509531623466559 0.2498476897811665
tran 1 1 2 0.7906566997631594 0.02197627230047609
tran 1 1 2 0.2255261048785762 0.15685757971881248
tran 1 1 2 0.01908194162242667 0.2887514803353693
tran 1 2 0 -2.049235186901164 0.06957079162399867
tran 1 2 0 0.16052183985450913 0.01548504288644401
tran 1 2 0 1.7546488144701182 0.048409667772442044
tran 1 2 0 0.7751901466774439 0.10655446267744244
tran 1 2 0 0.33952402657574404 0.16293187057903621
tran 1 2 1 -0.43506711588036573 0.0669906017998025
tran 1 2 2 0.08973057888840928 0.34017867244276523
tran 1 2 2 0.5517838614812366 0.027335111351224357
tran 1 2 2 0.8918177347689323 0.16254377886684454
tran 1 3 0 -0.9810712564357874 0.5101099111028251
tran 1 3 0 0.5248025579786095 0.022686606109433516
tran 1 3 1 1.7948132438400726 0.04981007857232986
tran 1 3 1 0.2906525203571641 0.04642283603588173
tran 1 3 1 0.6775794157054164 0.2270566470887467
tran 1 3 1 0.291153658410981 0.0006872505268816995
tran 1 3 2 2.0650873537402323 0.0476194889865686
tran 1 3 2 -0.32129942776909753 0.0005525000615066649
tran 1 3 2 0.48317231376665415 0.09505468151582598
tran 1 4 0 0.026122132966047457 0.01061472970081507
tran 1 4 0 0.10237705387987478 0.07562011827390848
tran 1 4 1 -1.295257208237337 0.31812033102621723
tran 1 4 1 1.6244926120584626 0.02580331274943283
tran 1 4 2 -0.5434412603367714 0.3822255515162228
tran 1 4 2 0.5244858723675827 0.1876159567334035
tran 2 0 1 1.1976305392785824 1.0
tran 2 1 0 -0.12737624605300835 0.059770730741475424
tran 2 1 0 -0.8094382537280012 0.27039157115979406
tran 2 1 0 0.9124046346478094 0.19767038626980973
tran 2 1 0 1.1282264024072957 0.008553898824561796
tran 2 1 0 1.0552578507099868 0.1261120353564123
tran 2 1 1 0.9660346474161333 0.05781710449422913
tran 2 1 1 1.0614253517213676 0.1455871828113319
tran 2 1 1 -0.33675683781555754 0.0661011249954722
tran 2 1 1 -0.61288811676421 0.035427909507070754
tran 2 1 1 1.1695815275783288 0.032568055839842604
tran 2 2 0 -0.7926138977418429 0.04003076296306165
tran 2 2 0 -0.15459610228031861 0.1122095062405792
tran 2 2 0 1.1882551326785895 0.13479410855045917
tran 2 2 2 -0.2167663056825804 0.17002223738782346
tran 2 2 2 0.3035667568519982 0.011163885018708597
tran 2 2 2 -0.19688617874212846 0.06349811062297592
tran 2 2 2 -1.1186141363675153 0.03528945638588564
tran 2 2 2 -1.8003135699416883 0.4329919328305063
tran 2 3 0 -2.056231439704457 0.07887543218018983
tran 2 3 0 -0.4781960709683035 0.00010761628956683548
tran 2 3 0 -0.6031610289936495 0.03828380517925877
tran 2 3 0 0.5664046706505302 0.23171850355729062
tran 2 3 1 1.9048700197807635 0.10099664458840497
tran 2 3 1 1.1759177810247656 0.08297755858808104
tran 2 3 1 0.972021649614741 0.2106858590415398
tran 2 3 1 -1.6446777235810484 0.0966003141301805
tran 2 3 2 -1.9542826385934262 0.15975426644548754
tran 2 4 0 1.6650786820590464 0.2901732947640503
tran 2 4 0 -0.3232050440055477 0.0038996087238673716
tran 2 4 1 0.23327365360013372 0.10974512732942553
tran 2 4 2 0.2983590062209382 0.08463729222279266
tran 2 4 2 0.6990908325225654 0.3325247992709224
tran 2 4 2 -0.16687317136678814 0.10130403377026898
tran 2 4 2 -0.9833878222383666 0.07771584391867274
gamma 0.11869539651922123